499714
843044
904337
381364
548814
613723
742941
92514
741528
955773
412237
29946
409224
547763
303576
587996
80917
247187
140643
285182
478576
639734
276503
851190
880997
687023
745495
628546
616812
350444
802802
644757
43891
683570
133686
314529
706187
92189
866225
585047
29461
360907
590605
590032
820041
883529
334050
65918
514834
203212
638966
246432
135817
338870
37331
713614
827250
160122
268029
739278
573710
367270
571870
760712
722717
475949
348963
448422
349017
561969
661759
920474
96860
946387
705778
14484
262491
296646
651417
347643
997774
700619
668405
575295
624931
779951
530203
319471
471632
906047
107442
979866
317752
467873
548371
228434
225864
551748
384439
856873
580119
973745
517562
49695
65022
381665
467492
328545
150028
914830
737149
999012
979450
440278
979919
132223
21780
366159
557501
862338
388724
297058
419862
558097
993377
961178
562596
169170
454342
339508
819125
192746
898760
339036
673498
819873
589513
418949
245010
860020
924694
96830
534828
101040
479051
407031
293921
286834
497919
955006
585523
217194
940178
384355
318796
755730
129997
335781
765398
331284
154206
69977
535106
487714
666839
888357
925274
564353
825184
886837
102513
460634
994865
320234
740606
681579
493476
824749
656807
178907
897268
910681
612067
307876
544573
125915
23869
856318
33173
236952
683986
716347
817622
626407
622411
951557
785236
555414
94216
987830
496841
670706
89798
766362
916498
174219
780518
160071
227841
52598
104584
170434
479524
116403
858814
82603
464455
451433
199125
684151
73277
180560
338851
291809
839175
564318
947991
503198
950922
520305
493683
978768
216416
573875
457026
485977
489148
547943
293043
114053
551641
115719
426344
109314
545684
79631
265905
643915
802301
126491
419433
196717
83455
365042
855766
100418
874475
950271
599344
126676
872800
276827
215846
828376
848040
679226
304622
627248
844516
569608
607607
348619
202462
541215
984622
428168
95748
649234
705712
636500
985960
458161
496442
596896
29590
841404
137106
955062
621827
880554
425157
831612
99651
725417
878216
863441
467467
587485
72996
546615
995903
443819
287007
734476
769594
209637
388446
478248
915183
980894
633435
179881
618739
855221
793293
944839
450685
727656
69634
275294
481852
853872
557355
499112
883649
569100
695546
695020
723971
559573
495806
121077
35123
244406
378853
931405
396451
536114
255702
174993
4796
349913
722445
625485
840139
682094
520009
709301
126280
672172
39769
767830
270169
301794
495014
631542
646813
454056
699619
580028
157463
956063
301463
510234
75434
213806
742490
265630
396842
761457
747223
481642
942649
90254
443964
393855
215761
182153
986818
813813
490998
424321
844877
138882
972512
649862
926727
633993
775770
140253
407001
290518
679352
558859
232404
992003
928670
363578
484024
629959
332890
97621
202270
489733
632531
220824
924320
804265
728785
372639
358531
591525
646187
438634
801465
774234
897464
664767
439313
423124
486053
166285
521344
35568
259986
255143
698426
756450
289489
129830
73468
597131
132362
228454
617780
565727
662893
489859
537678
907901
438739
718893
170833
870884
648291
317143
464421
910950
844200
839167
169690
32648
416841
173580
735887
906484
929060
706364
290287
138448
251665
526831
252274
148374
904442
230571
112470
623484
562933
537871
281469
243229
551635
870668
286354
290955
499251
214694
701044
290998
970325
732263
334042
777908
267971
930286
191631
493324
493419
209888
145432
381503
506300
667108
233866
184683
30824
502282
925685
701990
301542
696922
364284
986294
308813
161858
935754
646903
486779
738763
552166
718052
78476
151515
516742
951749
549945
106100
780406
856290
744850
420162
408372
108887
362216
589862
756507
482077
223216
673519
138776
794057
412698
93348
934935
84128
87414
909294
727259
989730
670580
120014
632789
388611
772382
303808
141888
319067
826587
556062
945027
929483
128763
377446
125518
780035
27741
36302
252205
611032
826197
970653
740364
397916
707466
258514
990853
424013
835687
274529
966408
235435
985914
308117
935196
62428
115308
547347
143174
195095
619609
313909
422591
842085
8514
999573
937472
568948
983891
659033
538253
816731
338875
911907
403376
72829
214418
80666
791590
638117
378405
831935
19481
728996
318469
480116
629237
888196
626419
280939
1667
428655
183384
686978
153044
338607
7488
233093
187063
35022
568097
148595
235987
894619
732643
116649
175861
212616
344538
628158
917218
366848
256568
333942
431216
488647
16495
844917
744175
856067
280440
989283
195353
67666
755843
802382
732565
947996
863870
930717
686461
560694
116197
908775
852981
283437
457278
138652
751538
917347
967693
167418
548109
965758
526155
845102
249328
295213
356976
947607
456884
810775
658009
894463
148103
949647
579017
435224
717161
660418
333412
89934
487903
918171
625201
368556
46377
295274
367142
811778
388709
265742
487481
42470
976159
688168
885472
900864
51382
131137
489494
661988
131255
635318
512562
481219
613450
111901
997011
985173
904234
295651
339647
701254
479739
965022
965240
213098
370175
752380
863721
445831
376813
35050
75044
498105
69943
445052
196074
641788
562381
34096
35187
443532
885837
143939
771174
241362
771800
675639
908242
492065
479605
688112
864065
939444
735992
157600
917497
311487
84056
372043
243383
908509
83570
862777
777983
387749
692288
793536
54057
607156
290715
245983
455576
674725
311929
713151
10546
765837
771211
96048
721772
865002
816547
276465
799521
197627
809753
280774
168435
406746
513788
591466
235355
194088
141754
474243
910207
326912
923692
930984
97508
50703
955488
161817
966064
67362
594091
907224
503885
509653
555532
97367
53175
473879
928969
958004
31163
747286
658446
943064
407132
228193
517429
490608
168672
555425
231566
513264
521431
952713
676765
89037
160171
801087
165013
336787
297984
374321
803422
456333
273204
501458
448061
450621
675983
451810
374276
987732
16866
712491
904225
507749
234680
297206
937284
486909
738338
404890
966309
727597
806886
871644
916176
762493
168192
801936
585426
191945
932057
766362
328801
2294
202488
490740
617523
277340
456246
363651
618577
617570
114273
930301
676806
254528
928171
13228
685129
597309
623447
999759
458298
253096
853166
186795
620502
366171
273040
7782
404812
712334
122845
598539
598138
468779
460695
209955
280060
558202
877559
684987
570038
107734
423949
436955
919484
426281
718011
528488
116661
480719
71020
169398
152246
94898
721444
501122
151558
833190
821320
88690
393260
956787
405736
487221
756463
985353
767418
672603
131875
823116
208206
297535
402951
651510
821786
277022
459779
56310
684566
929232
659992
263929
747846
782666
793917
785732
877877
717244
266134
978527
668111
172603
858556
904144
944811
208635
117090
113327
668324
78566
535414
929612
771748
720877
736668
892251
343412
642252
652336
498477
483660
175807
316293
583851
981204
289845
73325
260076
232662
926657
836902
321854
925670
495236
674041
394505
577094
193561
273706
374264
95306
386282
426067
41509
129396
308111
556857
238714
654801
394404
593388
626695
644273
85276
779234
680981
495386
222940
560102
977820
23985
352917
8208
349166
244646
840928
148684
379108
825732
466548
39583
87871
918611
880213
904421
815903
361946
134084
616577
29012
148289
26436
798954
879048
191108
734907
384602
286842
88129
86004
798436
293674
611930
427606
495604
953969
890043
387473
956362
676509
298293
403196
573645
125030
68792
301032
400836
280180
976182
237016
888759
376258
834801
655498
991790
988946
701856
435505
617546
321894
12321
637692
341445
362019
903538
502840
166125
494630
122762
109689
937855
663880
208744
571989
463161
926663
448551
551632
71365
484566
733181
503578
97513
180687
649289
755318
224197
913669
281749
156681
2187
124157
804474
826721
63306
625103
719068
99242
886722
251040
210356
184645
523317
865248
856775
210204
396389
642211
533381
776404
403689
399128
426501
874061
495591
924437
585156
557147
208432
690229
598561
667282
794103
654697
635140
99366
927747
484633
584218
3961
311368
413017
37491
722836
343680
515913
569845
434293
296381
896930
519969
550997
475782
460021
769151
661586
333422
335404
223475
553938
439384
712441
42269
124703
665892
348610
748979
132703
625501
531933
801025
849230
59725
935080
714836
617738
913089
700351
289223
757528
668469
534015
636700
642095
944150
862238
246753
648439
744231
691421
974199
141314
559953
66999
296741
431448
68062
981509
592541
115321
42788
80964
315320
196591
276008
877198
825325
400205
579804
20048
329476
646282
246933
890458
854424
335746
698069
894080
25872
53415
930263
266709
465328
24054
266586
221660
101543
592877
980721
282590
225572
427556
811236
808559
75273
791409
333232
175727
712392
173256
674429
610276
696467
59854
153542
760380
206277
469606
95783
566929
181002
880040
411393
131443
169912
285511
29002
153615
590504
473937
691976
488181
377440
643952
275023
65078
846973
950949
578393
784337
14139
843466
469320
824694
23649
446518
846036
691600
894208
194394
930397
208194
202282
256365
549981
741898
704779
873772
613933
995196
219166
453855
184067
512858
594742
237757
525587
927816
797669
96437
992837
113409
281748
558261
435465
533309
322060
790801
889681
414379
379731
320885
287664
150146
73446
330131
694224
819838
405030
505739
681422
722214
553943
167840
992712
459200
35958
468810
643726
25341
34057
253663
806692
145153
464468
149188
369424
132459
105234
552952
134480
221185
439189
735582
748146
716837
834520
467510
191508
363799
775185
568685
604500
317257
747582
107195
794068
301747
547942
646739
182286
509369
383653
128968
999415
11548
526999
183809
381509
329306
354717
570227
833017
255469
236884
306146
890435
742466
2583
52446
316194
401102
289201
664040
955221
593412
570314
259928
88395
943250
305315
782861
754154
924427
523753
326813
270043
16665
959966
556612
961092
772697
647684
368934
943109
435920
133925
454108
247874
714288
602022
412940
181000
266441
219645
440085
824370
226542
259327
718380
829513
466261
569431
462016
6027
57108
47562
155631
704653
482084
198640
437749
626353
210407
446849
48223
450275
906482
984253
93743
901090
224617
846785
382785
568466
619985
52252
751226
751843
703884
838415
756945
593626
531850
76470
446854
137043
787431
744348
139317
272191
317548
62005
89854
571850
126706
157673
778545
785337
997576
320386
50320
257630
576346
814717
82524
293937
849517
451693
433379
59277
886425
43839
118441
359992
353034
895624
760437
230090
439390
431707
371567
251233
155750
363820
47055
757792
837626
268371
495706
862815
154199
121984
297999
539124
496599
239243
850641
72194
689237
856125
635970
985760
463518
231502
576848
433454
360356
216379
770796
905149
834910
775032
635882
457914
843907
484452
142610
591904
547159
487303
804744
524503
920886
896135
593927
180001
573804
715481
580426
288577
47196
567822
106196
266195
852942
127677
819173
563495
266691
234186
980898
564698
836504
978588
849721
298786
483305
894238
657520
733670
93709
209494
653705
798754
444697
561810
684992
818871
945892
651385
552655
294390
131512
765030
32678
855022
719000
508227
819287
97108
18839
87790
246663
827092
387328
12037
525136
696725
748916
847603
127084
41465
32710
345372
476527
7883
419243
724722
144823
311864
870867
626143
568110
958149
484893
647830
48127
94866
493177
636540
983299
936583
141779
524851
186612
399797
394926
879233
457146
338904
243244
554487
84703
550655
39110
669049
20128
626593
610578
213881
781261
325185
180809
366881
427308
519352
271549
33325
958591
992781
40615
500985
358570
644359
388835
901759
957253
457263
572915
981171
927755
414751
296355
182551
205471
464290
778251
669329
890650
772038
770384
566322
798302
908455
357039
354831
508918
394377
9887
720958
436623
635223
22407
5065
464983
124297
64574
70544
914638
895372
139783
336396
29284
903101
812674
475863
360318
31128
174035
427635
315184
300345
169735
892815
667855
620952
615783
972747
881182
404927
782635
75785
548582
91274
916264
709421
777786
237256
822299
15779
628556
34499
799917
14182
769191
516722
327875
882338
995786
4588
710838
75498
658072
517996
912805
253203
758552
504375
752127
878814
639402
671862
371395
546153
559124
43744
551895
43725
353505
54009
487006
212484
14270
307121
37307
409955
167321
309166
840295
546544
78029
701169
389599
845468
327483
961690
434191
922086
132230
151848
996190
502004
382095
609230
913828
534497
52128
460596
819635
334506
877509
695756
150640
7336
567824
471211
780622
675072
639462
303485
523108
129567
442832
564543
305636
597477
287792
73469
82480
246171
936148
226769
894694
480712
487496
249307
274384
186734
982042
829783
393686
291563
528479
81550
742104
454610
881648
855887
755024
718779
985492
630737
512756
829978
858902
686217
702395
229415
970795
699753
68591
842430
509639
803193
152646
20810
727386
220703
956554
372994
892460
521979
514035
502532
285761
497521
385296
571823
644362
348008
71483
881022
752382
713871
562422
835374
589900
700629
952863
10241
697458
823037
136486
270021
279652
805191
479086
635624
407336
567536
192731
786967
874079
333647
950595
60034
397956
887380
287619
712080
147323
7807
376044
737819
660808
839568
779120
957615
486275
947069
51930
691521
195668
272253
455601
706728
547641
338093
117404
221435
603137
60885
904760
859288
151716
745822
232539
979841
693673
465622
204625
875725
519600
647169
179405
669557
534722
437937
322868
24194
5353
641226
365728
533236
118525
244617
360711
167302
483036
27892
967819
413421
110202
982869
471475
769268
984874
179605
250175
551015
866140
434012
985144
425310
991735
57448
509724
986990
187611
94180
606943
350231
809883
149169
179700
849306
822432
143472
363014
655913
717843
471460
277668
389615
616556
211599
781337
890287
36442
42431
292209
423374
371551
731096
135617
418537
309265
920624
765318
61649
596729
69848
741751
815642
667787
505076
885572
924296
706811
487597
333369
61638
866539
482497
363299
852936
417809
458582
697290
533460
304428
186876
79263
899880
573600
651287
274221
425913
758573
844923
846264
921617
973589
888824
373015
193864
926307
874735
854031
787134
153110
941457
653000
393088
540961
283828
330718
76081
239395
591113
512884
391500
152298
944160
831854
823701
270795
902747
589729
95922
685866
460923
626509
454309
361209
429163
174568
511604
452715
16222
36302
846894
753370
149144
515940
73954
881668
986790
425040
215384
636610
38992
569029
305648
815402
421074
806293
383311
403282
16128
958849
119495
31579
24201
287040
680568
234105
830651
751381
452172
365939
698875
353163
811882
225023
550526
439916
558174
964095
270519
934971
535979
52858
868525
960534
127959
318741
161347
689637
853719
71050
428016
593182
946678
455573
204987
598166
493362
362867
917130
226446
427957
550868
945253
440360
381035
726157
10773
547595
238556
351933
459703
106981
120634
999898
698990
822420
76259
719649
818602
198960
237849
724743
542472
600588
464627
460326
960629
854680
128035
677888
675133
519265
605805
44110
614529
816994
177942
758185
297679
222637
275788
316905
824981
926044
528266
502661
707643
37403
176727
361106
674828
395546
905103
743039
846599
832217
79578
627057
994201
340172
733352
998762
872090
753035
257392
293910
451286
446735
3226
87625
304802
273566
505955
977316
156411
5904
221561
240153
386448
62090
515182
961181
629112
814308
699509
103609
731563
244109
807615
565212
288852
746640
556232
413370
235002
978151
513681
842915
430763
288749
325169
336820
100811
899501
900957
252653
517443
860821
447702
75023
357134
91885
643669
331727
361561
523309
192829
217014
963376
866556
116943
990790
480159
723731
958646
389921
304116
238831
84290
113371
611287
739504
688494
364354
466371
884991
674875
39007
187811
879144
502777
85386
456843
30671
311759
471363
81045
197966
924507
119981
511729
669953
142232
137640
184816
447575
798957
168592
934902
601960
342482
393613
629176
553941
211760
706830
482996
241341
240300
348868
520699
793310
139205
931215
151883
829590
594152
38381
900132
884681
274076
934349
826365
897160
577104
732088
945443
219524
562878
747469
641117
436466
920231
931696
744742
158381
467374
157890
345751
559039
333488
262013
975901
231422
487217
828772
133362
201078
99713
660879
334924
945326
491268
164971
255891
185001
312154
735032
145719
573087
639029
710047
302653
984741
484626
927665
262881
886903
717582
111000
236831
659737
213562
524805
430296
422644
435387
249573
126490
24082
785343
553819
382302
660465
42573
516186
35256
108334
566725
377042
410432
251753
869911
435441
275636
244875
75653
508430
879590
796210
926690
776264
171988
484292
243526
175600
240282
964308
564649
998829
962336
46676
233332
741119
79456
883935
274426
759394
496954
869694
77480
415820
157755
930995
485509
337463
696118
957311
189839
362154
681959
992159
290406
997253
326430
537797
12810
167322
992333
355119
848310
420057
811633
524735
65471
697284
744103
460004
889405
126267
124345
840543
600083
777667
694833
787415
628063
755616
905529
495383
936544
745057
184274
487149
778668
735459
88897
380573
176591
801332
141047
57684
73016
866710
897756
134017
270654
205244
47873
245381
122099
892456
846176
327620
996926
147162
895676
379447
431972
620250
9304
715555
722634
170251
173879
208077
543597
353086
54111
570268
372509
820165
777644
66167
716880
83096
373298
62013
753812
836028
433609
58037
846226
847154
990535
735917
113936
996377
278230
725689
285721
203713
930059
924895
513381
864403
572674
359211
468090
197553
518422
68585
294766
205334
901262
648497
797472
624989
934112
356071
875955
842286
546318
61132
627570
815372
672304
206761
379323
234661
827681
109404
367118
25172
34922
683550
163790
199196
406477
573865
847520
101338
639248
506480
674423
284402
619544
469665
992862
694969
32054
106304
466511
100159
406127
16804
769730
195919
455470
391709
327674
637054
618858
735574
310533
336431
88814
311277
227286
811656
692746
31508
813582
28361
360130
793211
383173
189018
494894
264707
406582
39053
346676
705970
557922
452523
501199
384273
673502
262083
886408
339432
551667
860719
867649
734566
999013
306377
77338
336205
394630
420192
755146
592903
60376
370751
260482
499434
541639
428614
988754
616610
898804
449510
554493
238762
268202
283289
884096
423465
435904
492588
320200
408483
342348
702099
733247
846586
943014
248611
947036
282371
109102
540687
504207
956862
339206
464733
104425
927401
418398
866110
661728
624204
976901
638125
123110
894810
391590
452539
268871
696852
373970
328401
146673
129298
91311
853445
126455
513289
415593
210186
509652
441229
746595
135681
481093
750395
106424
634848
310645
596600
909503
199914
55371
302199
739038
917581
748832
455657
911822
740370
983573
238441
266804
93482
636083
367049
815022
948530
489954
733402
915838
934328
312647
744608
358382
633671
965828
919097
25303
224598
988971
492058
566475
805359
326643
394334
456453
699988
404088
286286
470942
908440
246006
935880
915492
574418
621370
507437
166406
873695
133342
156212
298427
107297
736676
397665
994903
510957
271061
466237
222284
785201
536431
366663
804359
444873
904751
706307
349165
743668
530818
931751
328765
105448
470708
458246
665985
808681
638725
803986
306702
32985
93152
439346
939102
378850
653194
68058
628928
957536
352028
390831
146411
171675
538330
953986
406561
911659
357167
878237
42321
352669
567215
168837
987291
918524
538995
497451
893345
315862
914794
579632
958361
131156
710737
613712
506972
594474
660262
967746
879042
4521
672643
527721
366678
186763
939039
68495
398919
701399
865895
904859
3121
846605
191187
193139
272491
58170
390069
406852
506121
193315
515263
260038
245401
108831
800208
645639
787460
511653
181963
555292
73936
293403
665168
480052
720121
63050
568720
878024
333955
153213
813649
956118
394836
541261
313760
634118
826006
377972
256340
938250
545179
983285
674790
76713
920022
590687
818502
800081
270449
490656
34178
777072
594852
604850
624282
470374
455025
828192
329734
496211
873397
835431
571334
415679
340934
725227
753175
166831
894422
508751
682328
476295
791398
106426
2418
932981
547658
933588
498358
849608
399575
443686
901542
982229
828742
760076
719094
601673
627465
673074
895258
808333
24018
123497
240284
700318
527361
744465
894350
235414
231297
167551
928994
877952
738363
577780
345717
568877
516932
485869
783792
790300
869701
246994
973917
911460
284033
468404
667861
445255
531312
897511
675482
255217
834613
658613
730419
650993
99461
805018
840743
297507
338185
888317
363797
534394
225711
185286
257950
416390
830270
77464
122870
921519
80931
545117
133163
524098
810160
715337
259440
941004
427314
283803
899366
340195
54852
123148
468588
292237
875289
489477
747608
615886
77864
525137
979004
42126
782947
798708
592757
791422
501331
248923
800397
569759
911360
189743
808569
181948
162638
68533
56796
280371
745189
214437
136815
340530
382076
870941
276277
555169
129625
712418
311531
31705
213031
201180
917969
904517
946439
183748
460753
427163
754730
661862
587885
217348
830942
69615
921440
562849
153437
740038
750286
34085
937486
107147
869685
701626
223594
591491
453945
507821
434110
278948
554011
565556
823191
645539
906136
62824
214592
734992
723988
854052
266951
318047
800010
102111
960089
138601
764075
737286
674931
420170
692712
326099
945647
659880
167518
354203
618644
201596
906478
869760
640555
629115
49211
131893
529007
774764
758017
819103
738546
23457
129875
384701
339406
320652
771277
470842
358471
189067
723015
569545
967898
741706
294897
603648
975664
978471
771467
856261
993131
483930
207833
173191
455522
764409
651936
474793
956712
401750
80559
159149
64339
468642
431510
618366
511109
420847
43133
869936
376106
528322
187538
440632
503574
91549
796878
600681
242871
762757
428407
481836
274177
16639
762037
795437
952019
517098
924413
67181
334385
928268
646323
972659
803669
37487
856856
403505
15453
58771
168517
23682
149014
422970
989557
872402
720970
86001
10147
970392
92077
135770
960859
641454
216779
52191
323021
827966
183423
265016
380720
15835
303600
403259
239458
388237
332824
547397
686496
838908
986586
295868
209881
521048
223228
985799
581858
224669
318223
469042
348207
813345
282669
199367
911702
768866
52646
161385
195891
92956
654792
979580
219057
998651
622323
274551
390300
711315
412425
481641
40665
276505
113248
729319
56118
91999
13679
916796
727430
605812
797410
651266
14646
528947
817295
69596
802461
175499
62684
549355
874825
519860
74064
644121
507575
142277
244485
107403
675820
659236
116026
699616
480973
194579
240502
774218
173396
289642
294263
700922
448097
223896
418832
913806
566871
353752
527585
771639
537294
803184
219450
265360
232552
484434
424817
86615
919974
832665
665953
59573
449278
290917
328522
623046
795004
829500
348367
71796
896917
405311
620854
115362
952370
784978
761459
773415
727445
57086
511537
798260
109621
145205
492690
781682
681695
475243
785718
742798
165476
861405
635283
941257
479377
395982
122639
510970
479971
886568
437720
990455
788231
257910
637744
948929
469593
90130
437506
222573
855523
831179
193881
102762
678218
938626
340991
166674
168820
281124
39162
551342
977933
895963
682462
813224
794906
580231
784368
221400
553819
508667
605600
661602
564280
107855
986419
299940
284397
898739
153112
476712
768709
725439
306435
480700
602097
40838
295698
350756
511866
169975
964698
107623
885218
393190
114495
914738
648596
391789
800032
777855
628570
994823
885569
68064
151217
17099
885023
978295
648544
776072
979268
716531
633871
209864
280711
467143
886806
763588
618756
376146
913088
579950
171417
707195
572833
921212
615740
730359
926845
504957
821772
639437
736786
633786
815105
992832
565821
912666
869760
882671
549320
17441
970299
832751
328463
507829
370602
848897
30778
257345
871149
437388
710655
192558
520260
336837
533423
799633
483084
555705
849561
269788
774524
261932
637101
44023
17993
481224
790212
384208
39324
484379
709008
567239
873076
833200
33752
923864
944454
636930
373614
476471
172480
551718
658647
336337
222304
478760
234954
878589
296688
115845
329979
235215
515562
928811
299874
894558
209948
39940
492943
476279
220272
143523
281288
492747
913857
245004
963974
649943
138909
176506
602244
598443
784549
569165
526738
534955
602029
601003
740211
671932
832570
327244
386015
451547
790727
459372
19338
974213
867850
590570
558467
921546
813338
678347
911348
733800
263111
176445
274770
290213
233018
523902
836971
194137
936476
62245
927156
616137
499353
625052
340588
204419
77505
427711
629587
36864
522911
750876
732240
381205
515273
60039
673097
890526
52728
82091
803550
51150
518380
543534
224283
801332
128063
216049
482107
695369
906735
210876
360355
995811
604354
901606
447072
455000
662036
949615
144392
442619
401753
78237
820005
785125
147082
348133
889741
920847
21841
147836
346443
108035
238554
358900
64054
805690
754229
694075
788026
20336
713965
522559
625021
954160
918948
799017
923940
223993
956938
254023
905211
527240
65124
93299
655349
321656
782826
67789
166476
862873
380891
933532
97474
741678
644019
330270
943609
222312
156068
688043
72670
820380
664329
223077
975867
836340
416897
616033
949899
304027
515503
819485
969468
428627
785878
954863
123475
53447
34474
877817
416116
49362
346397
662919
280373
261931
941234
366066
89458
371263
113044
219339
756640
883895
447682
259448
948942
531193
784528
710625
482323
96787
7300
45215
343781
846725
8082
931643
566073
904215
528896
610074
610908
742968
696018
647503
585060
552347
204692
178437
41076
654223
778645
23266
232785
4987
607580
999032
738209
107862
990440
968746
808482
960944
52636
609511
400359
551478
355364
169502
618368
938451
640145
902863
832895
751686
475016
138701
218646
561219
94079
335227
865959
9601
538989
253974
937390
779403
681592
550206
269917
91673
788143
677499
796087
760143
134887
15686
466710
885797
817291
702159
225240
325395
413068
487774
100099
925340
163628
894657
662757
759176
584632
586128
579424
111611
274953
255505
72506
365252
675238
595092
471177
103944
563087
370775
715540
882936
349805
472040
163812
564066
746510
684506
380349
7760
606734
210759
897363
514623
688773
376170
672346
305736
64421
220290
656177
501750
961291
93130
569762
683343
164640
882208
606310
336400
400784
108270
123232
363919
540880
778803
385525
663790
354170
941725
550487
608525
350465
714739
834306
833806
413874
160728
956447
386224
946702
758374
132447
784554
268594
152009
600252
215787
747599
554627
114878
314115
799485
127650
95488
324417
540213
20035
963526
508675
273116
369129
998505
706804
728582
441734
230722
732021
332333
76463
143377
795624
418397
24766
355217
460295
718672
397495
906739
286358
814710
515115
828287
430953
407345
284923
388357
94442
399122
578525
774592
528989
851796
666177
416740
204800
609259
504699
638887
998324
583869
582582
260135
203898
982450
821059
491529
111844
219685
278528
298863
886955
225842
42616
517652
43935
120905
764197
595925
451154
617863
472380
884189
185460
766452
93658
522504
666023
482209
500019
913222
717649
292207
978646
193353
978207
729334
746718
979844
341125
36591
231335
171438
665733
187228
1840
44174
59983
649881
423694
780759
471642
926019
643634
235964
353201
469423
659683
515541
398753
513123
890105
348155
20356
771406
894721
313953
909849
557990
264569
138074
70028
477034
712054
263308
181161
916761
345832
65788
961791
800739
736140
118031
515399
550106
498764
575596
47228
534442
528683
168619
462251
89668
671131
414673
779062
188084
367585
301316
76670
444156
202277
913230
142796
48562
843227
720603
299577
272144
84617
443814
550229
974878
50209
31666
622620
754034
947478
231283
46721
756464
897728
608636
325588
601371
815736
421655
890133
650554
696814
59925
636361
745531
867244
826711
825382
316631
223488
779745
71262
22667
903680
460026
371830
235477
33191
201710
890871
784736
858423
572844
26228
549608
410539
92951
16251
837944
642862
364060
152158
832306
237568
300684
200140
313290
600535
682881
955990
314377
374824
309756
948511
508238
73792
283606
919712
57262
61419
505188
277794
920775
937053
655770
211416
435354
32397
816549
197171
843950
72279
710004
901761
472796
159012
362328
161080
372804
156403
114713
95759
882194
50481
792595
364437
9538
137139
654379
155181
942463
386708
840968
669666
838539
249152
828290
983912
677581
926640
817408
197275
972719
392861
252736
43159
367930
794312
41705
696448
170413
868452
563872
635708
87779
213773
464572
117721
212852
839597
617607
359825
130892
898735
758979
251934
702462
779434
703725
936822
265636
227971
602580
450822
865836
2301
351665
78088
507141
34487
702642
355360
629632
30948
291421
398774
937517
837954
410693
595864
442312
599125
239015
488634
308001
270136
15561
155644
313332
948799
336209
422818
764469
494363
162112
811729
208901
646975
954994
971933
208978
883453
236096
757793
719801
21336
868977
277698
770536
242025
923138
553852
24483
464304
533615
185083
850251
53312
403520
182367
332084
669737
997771
105694
734191
917364
760759
913461
660771
880396
334871
484049
25471
155365
850873
773093
606541
771699
349382
7988
401566
152163
772405
911566
817650
830906
956437
333573
829429
565345
296946
210462
843369
59932
463141
717979
301857
471393
502246
393561
248357
247638
415767
716629
828027
802498
630445
75798
627987
378164
934841
145318
838136
526239
594423
683667
833773
799663
367929
327842
978721
90712
377969
681556
400641
579487
240748
495525
637642
354807
80192
800983
52214
650747
576693
679983
137163
150972
817739
787489
258155
85892
492355
763606
288561
331198
232866
178475
43643
273920
56207
385021
938930
208807
122181
849637
145692
380936
747577
14854
26922
871067
47570
86682
887149
908931
462740
602972
552002
294062
559580
919373
780270
970486
909096
242045
425213
466005
234922
698879
301798
40660
8083
24782
328598
811925
267819
42971
701760
648595
573493
834353
263116
820509
450502
406649
978667
337379
674048
866675
527142
762921
960810
479505
633774
788394
284931
962453
130910
677672
803342
797028
825806
74351
694167
531490
274941
4131
247049
193835
334491
333958
948505
529011
620601
851989
13075
110019
700497
463631
810479
724683
350167
244009
237125
406422
944593
505935
685572
947410
704020
557184
828684
634165
239854
602499
15198
882539
549328
80795
144056
842534
305757
139984
912443
565075
37271
227408
57715
809886
65736
579253
489656
530897
127015
505972
491168
825227
290416
569405
981618
896818
267449
346650
286071
41214
979674
938723
521326
1893
169675
814544
454342
310698
984965
701786
235204
963069
767542
209186
437340
106035
936159
376351
949290
111563
897713
679149
715671
741010
272191
505628
229374
757553
936119
261518
828531
429624
956192
688792
510127
449586
638473
141995
469989
901233
555523
813926
814489
592991
719362
821723
533415
706374
788610
465958
971176
318941
669076
61144
716444
562105
260349
84479
562626
41944
194780
51675
353374
21044
746917
148115
148966
877247
932749
843575
706095
697466
665789
670550
979754
179216
457617
984108
496475
821764
490481
45075
745595
226086
154709
639632
527878
123160
745583
886125
724618
561115
655575
983763
410589
924046
596599
899859
247365
621949
370000
878980
355960
384027
651096
800027
918717
331471
586648
498924
909509
22721
307919
276997
922354
105860
355566
742540
111484
615985
829870
135197
551698
879943
371493
499281
832689
944425
56467
842061
187112
909703
57312
863037
395605
336537
858014
531122
523864
464778
53290
98439
659063
901042
970174
416441
601771
222955
641664
100469
626771
693851
932607
263949
567056
257745
299633
533728
675897
834346
376468
650917
332986
820347
263874
769350
199878
135321
638966
713599
34316
37578
706589
742853
448533
73804
85764
401345
653621
636739
749819
132691
385413
469136
60010
239145
711620
615291
815840
724858
391865
56102
533779
603093
197841
228184
880371
126884
513072
282502
173633
414552
326555
838251
222893
365553
205746
678844
543123
694102
351197
914943
950965
4802
390653
135174
527495
172087
894519
510536
745267
42279
391749
478561
999918
17129
940465
519383
247155
339291
73887
191033
144389
377480
924048
537720
903980
24546
63410
397541
365097
465845
525945
823546
45694
876013
703411
884563
151495
574038
856998
186582
513928
742485
349120
935912
439015
640021
799371
794140
392355
393271
506169
195474
807820
641749
432247
859307
536867
399461
553138
462584
867010
258193
7836
707995
765510
105969
760649
182296
543114
577352
990627
297906
756032
200014
126212
412931
235410
934805
923108
780149
438714
962510
96406
419218
464428
81573
766305
101096
151962
151521
146996
333684
716850
781546
335894
110772
863381
497450
595465
765389
456214
221209
514326
480315
454187
881530
845582
573245
635485
15717
849257
661134
307583
566335
237101
508533
124180
371146
678176
392216
393660
812449
462732
116715
707645
155013
742274
214953
723820
19283
230165
91002
974182
113819
817012
485598
537462
810771
889878
596935
874739
478353
575647
325252
220681
104394
565566
410416
814538
798425
909531
674912
502536
687020
545282
267981
506724
979865
954360
188133
449460
707317
842825
813994
167785
288303
23352
257261
95113
208393
691104
503503
97843
886378
974825
508111
58035
254366
852202
177303
542215
350369
882612
670523
996580
561244
712777
833400
665080
890894
24862
891519
957868
333906
15271
11378
766515
730146
114451
547139
475439
654702
346089
965727
155537
918907
43009
100441
487758
15897
966164
535931
62185
136437
197847
712105
662118
945715
728129
972276
336721
527377
170855
60319
444748
841389
790366
602059
112113
634767
15082
557438
285068
303185
293035
295119
91838
145808
351674
998860
717345
59996
996645
998044
858351
357727
839919
579594
213969
722043
429424
8561
79785
313811
349435
954126
30100
886134
889022
687832
928466
981228
520135
23882
133872
848544
666194
71475
803328
994618
555686
509875
843323
830536
967742
817257
158138
217633
795732
562369
926245
532550
267473
628252
939485
633709
478101
977804
324483
658852
356928
64692
793564
841780
587090
170787
7459
640943
135639
58160
152614
705425
215621
606013
345042
202972
120234
55869
632894
460561
947982
668782
521775
355881
544228
83980
118637
647392
483415
167973
945574
110253
633078
493407
241398
547307
937770
295080
701535
592985
89345
521483
659205
443571
638533
560826
744121
246437
748334
183032
983709
422814
942011
353243
882847
521672
825054
926901
959896
731889
212087
84376
780363
123260
495987
593525
317514
202851
357623
934554
661958
712421
412845
935016
132933
225724
791744
746431
267446
847543
97707
589677
443932
132374
725077
385036
745709
336969
385912
761606
977553
215978
38336
678360
710267
995814
18920
902399
754945
246659
841956
771758
110025
341455
771261
440384
139926
919017
814871
374848
196463
613485
392441
40124
528844
192521
859556
96878
655625
853474
925262
251725
577760
732877
627927
965610
389538
826843
135396
38596
581175
10851
488306
168955
331876
815734
43732
114975
375372
72694
149980
934249
495366
869072
43497
357327
122538
593362
867757
143264
441819
701565
903020
252512
589490
14918
618705
422302
861136
161827
750116
634594
652662
752484
818435
395638
956304
787191
907105
183713
379115
235307
824430
279700
246244
783489
676711
879073
28108
670494
765639
318245
359545
952634
564995
817658
982400
148144
36534
294907
164433
368130
248879
188494
263124
342970
560931
187867
110788
168012
42042
315849
689414
982102
794093
715794
198266
48595
733794
623457
893329
233115
151057
15726
185752
467418
958324
155646
875688
679820
19886
981813
713425
338156
233335
951115
144842
452071
126277
143588
856637
119418
767861
654287
615394
253325
406039
981392
368747
937272
80513
202746
172394
189366
633553
125287
907795
45353
622359
371688
448596
930394
374250
75659
855506
564197
409469
249263
244396
962538
478868
834641
487068
946095
479327
224128
82251
501435
185405
278704
93561
727431
502714
942848
556796
362658
900187
93056
979600
195810
502787
290169
111487
188303
825655
825945
215389
555751
268045
670449
858243
485193
127292
206810
560977
31335
549036
122329
352529
304350
348216
806740
923644
151500
123783
306589
394591
61692
52447
293039
181572
147306
637387
265130
598346
231702
87997
610833
406799
392783
718249
611124
844868
24896
49850
742651
98828
855069
962261
45815
654565
582810
796179
526363
866006
177823
40722
18396
361262
971672
291274
522029
587356
793347
921824
783383
397486
808085
315380
271368
298068
985620
551723
821059
113031
647887
153672
389820
947230
792553
515378
179591
258434
15901
24637
945089
691306
433360
242725
475578
928769
624181
594786
163121
737186
258493
348189
166153
424901
141385
169149
468667
875669
14008
21805
193844
638625
800800
484759
141321
289174
536768
581925
407309
864316
285218
778241
551980
480518
265493
426719
861175
482274
643611
861249
823270
543648
804969
94262
615627
306826
76118
32628
690143
278777
817611
742876
282609
778899
184077
290136
730377
533158
98068
966548
725061
570956
912445
293698
46139
735525
54388
552481
652246
733280
328645
118282
537587
459532
548415
727313
743034
795125
807414
705532
322900
53684
920989
99404
345889
631418
492415
432695
232317
645560
775725
721037
434755
249123
765534
801656
102826
679908
401407
325430
8677
506162
890630
415180
142587
352121
716495
362404
241887
983458
90581
679906
64029
301252
752759
261079
552786
955659
348485
912836
590526
884618
187571
306106
240725
453562
860241
808909
133203
377670
645555
337627
130580
566036
116971
570728
862809
445300
503856
455398
801453
603033
492267
92299
321579
649139
180636
836899
645004
891189
42900
668130
130660
1684
456951
122471
826323
755221
898670
418181
497699
964764
279324
358647
373850
874358
818581
43056
752379
49421
340808
661897
724068
478141
731935
80816
312133
893087
661680
929016
674757
760570
690462
221458
560035
217125
902553
957061
678356
14171
123732
492689
643189
751015
480633
616334
791689
722309
126586
1067
980754
891830
842117
589626
987975
355037
879606
156334
796308
263645
815358
24251
61463
763585
191968
269190
346175
330833
47733
898604
779010
150670
433991
931264
1002
54926
777003
842184
725078
332888
594455
857613
612039
172188
979574
582734
881499
94966
16242
370714
759898
529058
652083
677424
828916
844931
689672
616237
670395
621022
925830
564381
263886
938942
374688
637948
736742
917398
667360
391206
253877
642551
862413
619624
463129
376106
381939
828097
711105
685528
360423
199193
266716
476327
98756
536335
651840
990800
166140
104652
107169
481551
557415
336301
845122
211516
490246
473230
428753
113953
951383
914849
341446
125915
594754
794352
121786
416675
138833
522548
845516
191404
849318
233041
629514
709079
524238
571785
5429
566030
666120
47914
21754
918233
372316
692764
852864
51786
207338
625703
387158
353250
642035
647718
674418
440259
384753
602282
939820
189939
841332
590885
860182
781244
685185
210175
368472
657159
496976
55588
428026
625953
809823
291287
695062
983485
74809
640078
580006
817150
310253
149181
369533
282791
871514
6398
642936
950233
188376
352182
837407
622118
238778
278030
476589
71445
828813
316476
959104
283238
747807
615754
899239
832464
641226
847500
819986
743853
114708
655472
558170
421058
121777
345480
717402
698907
109028
934593
226949
98100
863601
245277
858455
70401
812517
955886
302938
272053
353759
175812
899138
584152
956578
893475
420834
787158
516265
864509
355865
965077
46461
985982
163530
973559
61413
385084
628711
150201
785942
457802
280477
885885
986313
436752
796120
991218
103229
16283
224679
891712
952835
414057
912044
184531
335117
994579
630035
551812
363801
777655
972419
774933
853402
643887
577102
32449
420807
79491
841077
824120
988288
270924
10517
316787
822318
604622
867348
490841
218190
303246
384701
831151
741489
610896
47495
557296
332338
567104
528217
3408
198896
221622
978185
144570
937765
193227
206736
150199
577702
276391
256855
223153
566620
229489
260549
533073
498997
647928
226498
998072
82099
702959
577481
137759
22099
994072
505701
749410
342081
194596
275515
281195
128644
8976
387124
331318
822515
458828
990838
687896
515892
117535
594386
666048
512692
781622
43008
63736
499198
934135
210940
184921
857089
461398
476235
307318
487728
710727
552288
548563
449845
697790
661936
64169
139783
906862
125714
646130
49740
400158
627025
919767
959842
729873
509832
955842
339082
679085
683713
280086
459150
353109
170732
734177
966327
171697
111479
410066
20654
807795
781906
134418
459876
101717
661138
500150
908900
702573
795763
609626
488708
466362
837960
639353
413662
18518
897773
800861
786545
22370
32806
849329
153735
694759
653863
633638
931245
207520
496021
76347
611977
286783
397464
71148
962922
370280
186391
645367
313980
997947
576357
668905
87799
22461
267000
151184
461101
756749
690945
269726
205868
410159
296652
944577
420686
696336
78496
630260
388702
303979
695684
725561
292568
25039
159824
571260
316696
702114
517858
507388
435640
525394
532369
395571
819018
910967
330816
581071
291536
362292
466621
949904
956387
379335
155857
486300
976561
114066
255965
516261
978026
245710
331709
459780
632095
941697
227204
535870
517490
7218
600509
467788
694132
857747
651090
586372
193729
671639
493820
729038
797351
385967
274758
813944
356751
884895
778395
639960
838636
71763
336369
866136
107636
995553
746346
641575
204089
791824
330169
801391
510664
63598
597422
43515
5047
679785
895873
987613
383811
496154
664344
512972
898882
459033
647539
950231
719425
268473
221725
417548
905660
869360
136751
203262
873276
833701
454979
894112
987469
630130
682195
649184
183801
436818
489249
325823
453670
167261
978654
967042
93913
52681
816554
581546
124536
996970
716322
346047
116806
456646
192116
795294
827922
731415
563284
187569
225723
221735
575419
808075
855979
686129
874432
55233
776758
555669
270226
419401
853651
139871
848858
638457
849025
572857
29666
10317
35140
466062
923050
785969
799517
770514
264794
896877
514727
709373
591003
154965
563236
69751
735881
702370
210438
175915
739858
8641
846480
315841
418437
940939
14929
886535
58976
683647
233876
221155
731739
474906
144494
225025
595151
821782
561554
262592
144686
891526
122167
953134
67206
875442
844574
897064
316165
521951
390278
811881
256927
730716
459088
866265
499575
628382
914952
152803
564755
639564
931311
575652
412352
48525
516099
73599
406680
229284
424330
752178
933008
356581
246117
613521
28216
207329
698288
757940
297083
197797
540840
13567
380748
701707
172476
246627
587536
860667
772847
938840
470904
559408
498899
941881
468446
58010
645295
677865
928190
973877
214740
464175
194020
231215
511061
1115
239915
664289
782247
999041
240236
538940
831122
378628
964115
981451
833085
723895
530135
13012
729204
310915
75213
557173
111294
774925
588319
958775
215131
768383
466882
370025
589484
807691
860428
731750
148510
693350
828929
714030
384941
603101
798863
142471
426801
29931
865673
735279
50362
76198
60133
870780
653305
263843
882709
998781
523966
260804
59190
189625
130199
366659
360772
214883
912632
813656
995920
514850
132461
616324
306722
607112
751593
369975
345201
356530
994559
324027
151273
841517
857006
185077
127458
953557
960507
253420
873982
274845
79804
759669
951485
147354
236899
104110
890452
966962
553012
224824
574984
475267
576335
855405
594539
980918
129149
845589
371168
836679
102367
847039
299772
234160
881866
762257
898810
958855
197346
272347
809977
777440
563235
645315
245395
89263
291202
212534
480067
859188
151649
28665
170867
375286
31595
191585
106456
85372
390280
931304
828902
639330
47862
708519
65050
137565
38737
512313
573014
577173
557184
256995
585334
807744
932557
521715
370101
77690
241866
900488
234237
325184
483262
606373
4007
587637
438856
934438
2211
720729
456118
270882
341619
543538
515085
786801
242026
537635
711247
238175
841850
807731
693306
376900
587842
894433
686789
971681
204054
200625
750526
224558
922658
671135
348016
887691
800801
197919
548679
138428
146298
349475
962998
912960
390567
17400
649202
276331
547680
286378
438178
325873
505327
513486
11807
980284
311189
116964
47865
727074
984896
713040
822394
684233
696757
665373
171415
952193
452663
719117
923354
267296
100230
972285
429385
983922
176137
775458
960102
739615
923659
33225
98788
499958
826748
534155
827411
82561
865402
873090
482609
309801
387228
527978
863514
263616
854867
613225
979643
85103
76896
444102
974471
380417
31869
196799
750780
733526
720189
894768
305753
114286
126227
718211
88757
529896
506686
169733
717407
341204
284494
91400
294106
809236
867502
135092
897608
64707
935969
249244
316247
15840
864329
842091
524036
834711
868163
452170
233573
655273
293282
148847
844601
287013
77901
429668
553373
411164
37468
336602
399327
441560
900290
231614
32291
23207
232297
387394
254527
80919
954864
687229
937551
296531
617897
939857
604044
842729
949509
555828
476469
41646
782983
640400
348998
467167
646344
153956
802257
253509
524332
324638
55552
4934
128811
832757
677144
180736
71276
438055
800245
187979
409430
868611
409897
974885
777728
825840
69908
497778
457354
743474
196662
8075
182879
868783
436190
362907
878086
825062
876119
253735
245454
165769
606018
790986
802184
519306
252118
20946
348237
270933
825712
987055
191026
104827
526007
111464
930765
951789
129230
416067
136370
352735
594719
626232
447626
959974
698009
225360
638223
906496
613925
590355
495086
212993
646526
165471
51425
264761
789127
140787
925823
352228
965595
40083
367707
316234
938677
535275
132533
209557
234436
650049
692380
415658
567661
571106
900905
223720
353589
325726
154391
514963
759345
175678
879400
586111
454909
680225
630128
436675
547000
553942
577362
369391
599292
527179
848813
503987
762904
167740
563262
749343
557574
374680
811258
644812
438896
346493
934014
727047
486942
858041
408694
649339
417895
813034
265596
268920
482072
788453
156413
231269
778909
214515
45337
593814
3307
757798
1295
779463
585915
582057
914236
764250
912331
194744
53250
246022
344897
376956
865231
990259
818097
271155
247779
149406
646215
366250
743462
601049
632809
331645
77286
11615
653722
170771
85164
789119
627307
86167
331215
678749
459545
692059
16705
647928
258105
385209
619183
29658
176638
588496
879434
494009
192103
325588
115145
743530
61946
763558
152924
669024
276775
409395
419348
254103
194017
891594
935825
88950
201682
796677
939649
583573
277303
836029
22907
65293
47516
800670
169304
122540
231134
306391
485136
102398
177823
267155
848346
184145
906938
806583
722676
807823
775807
266887
733026
223111
177895
304506
720736
15705
228864
630133
857742
642933
802805
272874
970055
672801
434262
36478
90443
771022
160863
835557
767881
612324
385357
133026
691641
174175
876617
400266
315908
592742
602790
412951
53126
42168
118588
991665
243352
394507
269927
785937
587785
960295
931404
37360
642281
522899
805192
388107
506780
315922
922428
488182
479146
34640
700099
259271
663582
167017
346735
477487
7487
201130
629930
969787
749746
762477
459647
92214
371794
758297
220187
194510
507520
202289
541585
634783
748829
878236
367593
958683
78085
432331
326365
522906
105406
165184
160712
150352
464775
160916
611169
261979
196139
492719
983962
300718
161182
960906
242204
555800
466451
49649
145176
443718
451236
389230
838507
200356
58767
324890
49074
218153
973492
918874
9539
434198
651238
310533
490178
443289
988438
113943
152418
1914
936449
483735
507733
541289
303260
333034
49916
300059
785907
923183
86770
660888
410264
653496
523712
708503
22946
217757
986586
355419
897037
745998
575743
256962
634937
498124
666375
538789
888511
135336
326616
991221
853663
967369
99518
375924
122315
86948
807082
978741
63032
769976
321809
443676
540937
457932
374044
659244
179319
887077
596838
668252
426532
240127
263590
923949
493785
806996
863637
297634
316253
892550
772766
160886
407262
834360
383322
910214
245664
822443
659887
751563
6389
12968
666455
527154
748656
785218
139691
809099
962164
47436
264260
302560
821859
101342
64561
709132
729082
793328
867970
117558
880756
367126
962620
106373
836126
532474
137324
820249
653144
687883
146464
776895
701838
540445
839965
460651
523575
971246
28705
109834
578587
137145
402468
181475
387881
891669
896457
2803
231193
706463
339088
258800
635784
398010
934625
141320
152326
165295
921673
430547
530744
557054
598538
697245
787654
237908
413911
659316
931856
471773
114609
722443
688443
169227
236824
867534
142707
538051
541302
643114
249922
100087
174223
858201
816243
144231
632115
537737
901069
351522
958264
82976
748303
715261
149135
344833
936771
657737
998611
611678
149674
902190
202214
571721
303312
716401
191060
852882
30292
744287
410917
48784
140926
392619
426428
941677
292560
835158
124833
507334
406128
477017
388600
254885
928372
355927
996630
22048
212288
19218
683354
817741
734962
366834
575743
425204
135656
94880
137500
387853
229798
97230
220319
912462
866953
568730
104545
606717
302340
926506
372687
257229
690617
377491
481002
894758
339691
300015
851587
621635
803513
874745
285450
31689
225591
527505
850705
370177
142436
143364
508009
880942
717826
275525
268302
891661
620488
204046
306879
386691
65905
604694
739429
813109
247967
906637
101143
908203
63303
55103
888687
528352
598708
572729
161819
345361
953938
346615
470552
823096
678444
47118
218895
6057
657247
504255
99833
746839
886599
946526
805010
128669
619692
291394
396595
759710
846019
6890
694384
331083
346367
438486
630123
967335
595847
701409
799298
881468
394069
517943
104110
383410
900770
490271
27130
208261
935914
506642
831964
754103
298700
301624
679974
864233
880305
738702
27859
285635
322370
690756
904998
745545
748912
799519
399609
548583
710112
801233
992387
760739
834085
627188
750781
863311
155941
70153
356827
679334
101958
198668
381248
513473
47978
529614
369726
299883
802853
708432
232234
581288
780727
726682
142140
833440
167037
695933
734111
349389
810137
391688
548768
767118
18000
232484
825833
104724
175866
798462
922253
118320
558913
17297
754210
947257
969662
103651
672976
207935
290579
324494
236973
797463
126683
367592
51530
209371
513650
374187
103116
744174
168072
43367
616739
883310
209913
133132
42361
63191
590354
486123
926289
196641
298075
934582
70073
83952
528065
923536
849530
299598
474184
607610
518199
251842
283891
790043
873301
312126
243797
533722
289199
862407
284893
403843
622202
333795
575132
430474
471835
636266
419743
702565
257013
333549
676156
210489
158817
933138
611138
959647
429968
447947
407099
390721
312409
62293
164238
706314
676246
245381
138376
945498
513150
88948
183384
728815
249412
116976
327365
828304
232506
485663
531119
49853
595034
813451
480845
390475
816079
620730
255147
415330
76231
870095
530901
587142
712445
710458
338744
744090
726567
446651
436978
101229
188758
31704
789590
318963
127056
604885
789037
798069
473055
251978
664322
712506
748055
53549
742806
404476
912649
140859
697883
319174
496096
169484
337768
699415
392878
604754
11212
563384
705325
121134
927338
499131
727297
648460
931440
951354
634522
814610
774574
55489
347775
209607
331267
889129
391903
973044
862336
893354
365764
565320
136063
385121
407768
350604
168998
907028
537145
98393
939690
207072
358011
695681
857828
697834
68966
796997
904149
987195
983367
600014
442159
571006
389735
856346
640447
747770
474370
113230
343280
194627
188321
135674
488748
59554
107830
633031
515025
39162
845698
661830
591291
14343
986986
17259
873136
826197
482288
717335
172691
5994
778430
325494
706581
873940
539306
858647
282757
253029
581205
192272
952542
480830
55017
377822
564349
133128
709707
580422
169974
318562
782009
337649
9448
261164
345774
757959
702662
489053
91627
67663
766689
786535
77299
541047
800243
912182
289737
757636
543138
394506
320494
144353
771516
555243
962841
261777
725084
820540
582686
426789
758024
308913
700601
287230
310794
61403
211700
596303
618673
147247
199741
982266
661956
81898
989712
690327
238248
114584
562466
157329
587486
608842
780371
289243
663040
352656
444777
383365
441137
434472
727735
442194
47136
517368
641258
787493
743222
617966
160588
68686
9135
240629
734661
400727
210619
826460
541789
306743
862708
335104
665229
711701
356270
505587
157583
198622
873972
593776
48698
854240
45138
202853
228877
675188
78424
922838
579536
161298
86749
330107
443909
203218
911740
538047
204426
818110
441872
620673
64493
726240
661501
743854
302603
226854
845862
342315
30831
362509
483502
668040
635117
672925
549861
54475
306969
289626
877933
354211
540357
894365
225451
257956
829679
504132
565464
16642
112368
995564
690921
313579
729064
860095
345316
838122
112638
868900
195801
825234
849997
212393
734422
845498
157472
502955
205486
448235
457367
854368
417298
146975
251228
21239
767560
919538
891822
465393
827874
617804
842380
705914
355712
665274
64968
578372
422489
739006
285596
373525
445794
344207
416393
839356
525105
90918
686378
770961
832995
86474
311664
270513
709231
520576
808604
497827
582564
965816
790648
527815
989234
711660
173275
864671
420932
847298
77076
579617
621353
393519
861332
625717
436637
762074
174217
759017
25525
515319
25582
856539
851537
759942
436253
725696
298772
789787
763007
212084
730242
894043
361544
105960
213315
470304
547628
945786
894271
18758
674680
540425
529594
896176
410506
403452
559203
527117
822156
846877
728272
729275
325946
586957
118979
470999
798540
728990
348189
532413
486528
560423
331609
433999
755764
468541
167669
78405
632309
727729
78109
194092
273197
582238
913771
507858
34477
674643
308257
996556
605252
326514
137398
312999
559086
297526
119527
841469
587837
55815
151500
655204
689154
986619
332547
429602
934345
591044
293360
519772
500963
89376
215119
11800
985967
207512
827434
393697
341737
414426
847351
570530
66225
86064
942902
123419
798969
638909
434310
514192
297809
944769
475285
683281
119949
974644
830971
757143
898792
630255
615125
340671
596217
764936
668794
688719
114483
186653
640049
210021
899188
576738
280246
604168
395303
84650
744907
880090
679674
287842
291935
546655
789655
26666
990982
576378
964690
693771
775715
96903
121486
233847
810704
622955
205738
665406
583251
188325
61391
812480
462546
55743
499882
874514
240552
889943
836405
213937
123602
207690
913530
972833
263544
404348
41441
599145
217355
215520
522810
679588
646763
274791
921604
932223
462441
468738
731491
898444
11456
789612
972688
392781
668392
987197
235723
847250
759433
428186
122645
684649
275586
374127
276504
263874
816430
578278
187620
333163
672397
421969
83630
68858
767119
538102
317108
731197
67179
275920
704167
950787
666267
49723
49784
442054
421293
229690
913242
911903
455929
290858
799120
631618
977678
242907
456774
951130
756705
663205
129162
222210
26726
162100
654403
251958
984073
746441
31552
514314
107453
614925
359384
200993
194160
63902
539970
709016
393002
555120
285571
679535
184806
769925
473818
228578
544047
164477
365238
166648
813808
592737
950581
579534
790831
155849
916362
495722
683685
327687
626681
130492
34049
158570
795591
186496
366720
723197
771255
355159
704115
632990
847793
684380
192580
57179
960169
908696
588140
319029
750081
946717
879722
447959
384807
253512
966189
495859
128957
889842
359655
708880
819158
683199
545683
210323
391870
810211
385784
858698
510196
543947
635147
422386
354576
944246
961348
479985
638639
118069
355920
498847
552497
712046
220955
899735
615008
938101
91864
572354
16154
52238
604847
715988
375622
505689
574388
683681
973052
130808
261004
829935
157419
173906
17361
586837
470302
709118
955710
60869
25393
553082
342346
645058
188088
116182
149881
348997
872730
715367
959424
346467
610396
512129
479693
343624
481005
990344
677550
372654
318471
708620
412716
639378
404433
757001
850044
875217
412017
400843
519623
376044
657049
816545
881056
490797
174186
92345
329733
340831
903952
322167
823979
141623
693240
162367
447039
613998
306794
218059
156071
625159
566583
373212
787948
32471
39136
904532
747720
455854
911773
737360
356461
87753
4984
544794
677031
673037
159686
518386
830547
523743
847193
343841
135222
724843
115759
829478
533792
14923
712073
349192
602927
348028
570707
902214
352357
913680
312338
336860
368922
701218
307835
342008
874966
121708
117894
63207
904839
273408
857810
644489
176127
484482
60815
896082
990023
131759
465577
835185
234854
306606
399156
778443
717291
45917
7089
150291
435246
233428
611568
118605
943474
472836
838785
924388
944177
308935
148461
355402
351480
763983
100560
104367
674645
394284
819473
116918
177877
969209
521655
257976
974185
663047
112177
506134
553272
377802
553076
675925
963595
592528
387958
705224
786002
510756
428461
357451
632511
18392
44016
595493
63730
725071
670191
949795
986014
514977
539851
582641
969027
472563
192426
522646
569705
249713
424086
755055
467883
696547
15271
160540
88342
765360
61829
294058
385514
35606
113937
790412
826369
813302
395769
137723
827152
479885
568076
389762
759740
274666
854772
404195
605643
622186
835690
681923
609983
694874
208386
411196
346347
503924
149967
41943
691314
42930
977223
845264
108522
450153
763662
118334
612979
761412
66202
4909
880925
115360
714423
236751
781683
628824
786054
104514
73235
891798
2983
226663
783311
758891
479754
609903
908212
217308
323077
955144
314379
946594
586972
428137
769540
610872
119534
661866
261388
981602
913860
200052
722574
311551
743355
500964
34789
463706
367895
970219
841963
183245
796200
20055
935361
581179
70269
18137
255277
4265
582172
948089
238229
123671
737532
72686
990714
12864
25463
858891
134430
352162
737273
169262
104190
715546
486553
195015
942773
598729
776730
624052
150882
427981
623844
988307
579009
492007
647260
342863
856308
743143
515412
470441
365818
205022
692108
291202
697584
608148
123409
447307
488549
582410
780154
651647
625368
658291
324309
61123
501230
624760
356450
201184
701268
735403
583601
113765
229466
376682
727945
800671
183135
663296
799824
264764
382339
278698
443602
190550
697250
679374
413105
892358
820661
227677
821436
502270
529520
51671
257428
720800
332248
233219
360774
127011
963916
539722
426656
534090
223761
121556
623858
866479
661428
709128
105781
631354
497613
799280
868171
815144
457812
534828
760928
414094
701797
914861
479755
632641
147298
827769
701132
232863
951110
318713
495210
110884
244878
696899
745252
793231
64360
917377
475999
712169
412629
883194
743064
741519
46441
251986
755483
406825
474893
158128
541015
998367
774731
703284
10011
870979
719723
568774
239365
713928
552528
547704
429937
420533
834618
740775
893400
68291
522105
757330
426352
578786
131057
267192
57251
951418
556048
616840
791647
756715
908513
88825
945445
216250
319989
38904
686760
478669
233803
618703
765282
352268
863471
261984
635942
602863
950319
695534
245873
603487
917556
657567
806715
857492
800779
243310
691927
83171
589961
136403
644140
782662
869087
934026
365906
537970
112565
781445
794636
281431
666892
984154
176200
752915
923118
857995
838350
455153
540712
753613
562591
250101
370054
570158
456526
377242
270268
301120
723765
72576
948496
582752
834978
210143
249193
204179
609125
873152
21116
941195
51323
877227
894088
681933
613039
532035
495094
820703
870674
448199
1285
331027
286639
188676
31298
199067
95279
471701
687370
410999
850157
225621
691189
818260
403671
846568
879509
274015
255982
793337
726767
443554
175082
109914
475432
891565
529542
804558
543417
123429
78051
916221
591565
877432
217965
181875
481843
66327
812686
313564
225260
354578
148743
727732
432793
405630
131369
21920
852255
44594
871314
137720
703279
704408
138644
16214
353710
538156
327080
639743
39818
166184
661105
821132
409374
969476
232022
239680
787586
968407
899404
204034
561700
38459
824990
770373
53688
45410
441561
232439
320864
199288
729629
922351
809311
418455
205563
178205
921602
634069
399725
793313
893918
702075
48188
802740
304583
251956
840187
483834
46657
808816
168933
352734
198822
2035
89942
950972
312074
108058
257312
560577
155077
750187
218817
360359
314007
302127
628550
407451
91420
635078
866653
344988
831374
210520
126287
17580
168315
155524
971120
514290
986059
438394
74268
755425
931728
258051
890414
656477
923742
3394
714530
849113
516155
784700
861744
835056
963858
656924
97906
99529
828557
623848
410312
21921
661693
101072
899325
16811
418507
422023
802820
546061
528758
944137
815419
962348
652017
343812
749664
282922
613118
204201
634222
723258
455389
436930
81749
80361
602116
822792
719044
740737
364316
231651
70001
567712
379180
919966
809932
944334
144921
812225
60467
511275
895904
12211
79565
683386
4354
747387
310058
902761
553019
383259
933600
175730
897716
155303
76382
585381
55297
745299
462236
380859
658760
375328
280908
905418
540309
778382
302960
205473
25149
748707
458177
403839
721723
959559
981506
857725
199522
554218
525579
182994
411979
391713
134956
785852
883129
575281
251549
768311
174506
686915
933416
427280
261101
575796
335439
797775
390495
65679
928505
907738
857179
274343
827860
25627
537170
425990
642271
451982
5792
965201
253521
647412
212684
568143
745996
332996
363388
528579
722130
225386
116929
893317
934940
795514
366452
11914
20643
78531
883773
550154
758115
632328
919034
139994
840976
487768
347814
316815
540645
699569
76491
849131
45468
152093
674106
386095
856412
478212
244375
624705
10213
537829
456701
69416
383430
305301
6849
960015
810560
550280
910018
37663
379734
110908
5363
660227
227955
153248
270713
638879
601295
121267
154108
778862
535770
700596
174469
173439
199236
62164
222106
920449
899305
554893
318154
130393
492991
522180
203642
679946
259540
980651
790988
212331
999088
104081
721463
852159
509397
472126
872291
730937
991308
227105
387418
735448
571717
137988
125612
483921
340162
650170
267586
737153
987375
830280
94562
920190
964475
29271
680974
349267
584448
625379
820486
810470
660813
515994
458097
749713
394869
212258
586305
730698
615007
311704
689760
151802
437406
273345
833247
621061
896396
377755
614043
942600
194568
479804
181572
9653
157708
942201
497350
150463
55023
569444
960473
14201
602764
258643
717511
217011
495583
19943
361172
437545
736981
720869
961946
990112
504364
17427
28529
132613
15436
155467
908113
193894
709566
286944
922978
557049
198035
587142
341950
789545
501895
802557
809183
647381
235122
774988
84830
46700
681775
483072
994611
603342
811319
921500
824222
706881
313002
362052
574985
113738
550909
475466
283888
604154
386390
97542
544934
294410
890583
149728
257157
223650
118062
290491
254832
728833
171934
965457
108620
443725
435759
831562
839596
636414
325274
979771
760736
277540
729107
753598
959369
728365
404758
73018
117127
113574
468206
76348
382280
124390
868274
469166
241025
635973
418025
865616
75136
182607
497309
848995
970537
162812
689956
992553
618697
494690
479876
772700
376319
426035
278701
650887
655889
702482
565848
188651
466270
894647
749404
780579
211263
765548
339035
299726
181904
846850
424955
767565
392971
132109
176446
560045
168714
497765
509654
52425
923790
597597
520479
930594
260876
416442
591756
27580
905735
649887
747302
207451
558113
286206
261704
14575
159607
928054
29990
308636
493494
278232
878004
838846
102984
735006
917589
999509
674184
924081
257145
442932
514994
157767
21923
666844
76260
905451
91042
580211
646551
766353
747264
309560
362228
820826
200791
824129
352952
997974
779321
691372
506688
369530
959431
89891
272193
1591
302533
913474
881200
165936
425976
385351
948790
9425
425171
54435
246194
460383
150917
423000
913846
932076
604127
900410
260796
575302
482538
727898
647255
277648
788804
612486
846202
642070
690379
204835
306018
61018
456110
720597
807437
369762
32232
957748
620411
343026
858879
549081
820338
400890
195705
745951
486954
488189
195743
728377
183647
226883
329763
472530
218755
154760
501768
158610
882460
54057
412973
388127
86259
886570
198092
316219
926502
646867
179617
58491
281239
4541
271934
359702
247426
307384
796547
681670
671536
582063
472692
35118
561306
73338
92169
267529
58386
966203
710233
737898
261957
621086
287592
55767
946525
706975
677542
243661
937956
3886
66166
924002
636638
645378
576294
323027
42700
108935
449844
916291
273718
560093
1285
460996
582060
498419
21319
729398
395453
417748
393781
357133
357561
314733
339240
518595
711120
51974
170048
502870
460360
963217
541375
65037
366302
408229
766238
410435
781039
134947
695638
923789
590504
633513
246071
317290
343070
965442
253534
716261
640405
711109
714534
114385
19434
102101
817889
238977
974096
390690
955152
284733
221013
702372
731224
308399
262131
771346
128535
426563
611532
719076
847573
748280
360058
772152
494807
283861
754149
708057
822212
613458
570719
601233
270321
745761
198597
215285
472641
911991
638815
138567
546733
987595
31384
995196
765462
682678
661804
974493
537864
338967
819076
486171
16800
909945
313765
982320
379669
128579
719970
689077
394115
638213
411632
74012
336797
4180
641985
7358
660378
366761
530777
795935
459017
839531
119824
961907
992498
649391
933823
899940
833168
691018
602875
753966
506678
79050
716412
422905
170677
475275
403982
912412
481953
578267
379932
305600
73527
383718
555242
918092
553344
486011
20298
616788
995695
803706
941023
765481
695080
604782
225403
843535
907747
167170
139739
931175
79680
273202
27511
84446
399061
92621
4782
420472
634862
509361
426255
252562
19053
813729
424050
381475
798506
806965
712717
19491
462963
141112
50068
825199
377346
763137
405086
262075
109537
392863
422864
501650
210863
488222
483240
613703
826591
774424
121868
466549
983001
721296
153646
653973
995910
640889
309110
696211
49130
266309
831824
659689
718137
889730
203389
748949
618657
864606
34636
581075
225067
926977
415258
558797
47627
115026
679317
970724
869983
7499
316454
589696
4919
994827
948627
888885
923510
253392
354150
466443
890121
907214
58552
470452
862817
842358
654383
182769
259876
646007
140413
889971
825184
719919
55735
782404
606453
856951
340407
377983
384020
960773
954578
952226
252502
387575
93346
720966
74888
607938
280873
371955
779392
366279
328227
939081
2515
886150
981458
190020
893770
478564
227879
671981
923546
285766
980671
839388
799792
440770
975061
490059
380536
684267
175657
229728
932011
402758
916070
660246
448093
489010
181626
293272
973137
545472
10071
110915
723367
902848
180633
192085
620977
812457
37515
487880
761244
151163
380804
418300
286616
646517
658404
783189
65941
145934
160596
734377
656173
743149
350206
485673
177491
380706
425598
732079
69574
625394
120233
401891
769394
119507
573571
345572
531669
957226
340617
917851
908698
990396
914930
525994
280599
283739
67203
167274
350309
691529
561997
792463
912585
522478
361424
912546
759520
553236
837292
233317
602043
221233
993898
372538
750653
760797
406340
478264
67016
325045
568921
893768
293698
76687
191419
608766
884278
187879
904263
64484
656072
708169
964919
299700
80934
718521
141189
874413
863951
268841
933825
994384
885136
519316
82638
519023
466675
828177
383026
680853
401405
808048
164885
569758
83983
394338
68913
446699
378114
705413
744124
760714
852883
877904
235288
291072
942009
916008
267923
516853
807206
425160
453104
490633
530266
739465
431590
427321
429689
565955
449558
238530
425782
298458
454354
747397
712873
892358
266111
528693
982793
444367
630056
774166
381536
888440
820129
98565
869209
148973
777976
117690
394097
777362
594010
741086
225495
173668
63663
885115
932728
424127
46431
768015
143782
173645
285357
396485
540705
830483
459185
341332
898755
55015
765033
77800
757788
581271
210959
207628
699725
314091
107379
431627
78200
430582
550928
595772
207969
250139
249843
407680
221962
363063
19138
875847
451438
229826
250884
774637
760373
573880
339072
603246
766057
80721
401593
45689
400085
287309
658770
873153
668822
59682
47721
684614
96336
211950
438882
989125
256446
597409
358089
310754
651394
837808
147290
385850
88826
898973
702934
653770
491759
196954
482735
136574
508316
174678
646718
70313
495528
401164
848846
590249
943099
388735
660738
230711
726712
174314
945208
353232
195092
357191
849994
496975
238003
973239
666322
404241
486309
162968
693208
790177
685561
359452
244426
793493
271032
95731
461599
128430
997815
239519
693431
752507
643219
907414
387189
259005
975662
51726
863694
363202
811627
509044
817785
705013
852403
313095
390993
873732
362116
953944
785807
54656
189558
998863
390440
197925
495120
532152
591498
898472
321480
668614
118853
355294
847743
210565
93073
529826
817122
271008
70563
914229
827477
329796
88629
963427
662342
759135
293436
376616
86482
13688
315876
112221
478691
38318
449743
62653
748996
253054
736206
869078
262437
350358
142639
35593
564994
303527
149115
545966
735965
396665
214393
368049
433628
624495
576232
439910
419289
613925
496626
755449
494094
552267
884879
59500
965275
820424
106920
473378
190754
547009
615111
742459
522316
912115
320407
260092
152817
237749
222176
179086
239335
55608
421217
347184
274989
190197
853604
808201
449062
189858
207048
547168
557053
22970
1126
526868
801795
736374
598169
227611
263865
395920
518501
567038
546252
890421
531115
243620
199725
963904
947343
843683
710899
221884
309354
346605
941955
738588
71030
829008
805146
965933
186964
967471
338781
938196
554944
92816
463135
300886
368838
307088
221925
258156
290304
231431
80026
728841
619109
339184
969182
254945
451276
224381
833819
161477
286683
902811
201898
804538
90465
431764
791982
52642
824032
897283
594219
59378
3527
250942
826019
724214
31739
275894
333562
567084
857715
492588
169948
848323
611855
354355
135307
98087
720029
336195
253005
858845
200703
529121
62980
789559
60766
796019
865188
988231
375840
153020
199772
629997
334112
411522
113901
183825
767746
740899
323948
754251
164736
584953
735677
944191
628556
703587
82672
764446
456476
814588
872442
187976
545057
897499
682401
761179
444169