666 2 3 37 
654 2 3 109 
136 2 17 
13 
1254 2 3 11 19 
131 
31 
445 5 89 
4658 2 17 137 
75645 3 5 41 
4464 2 3 31 
245 5 7 
4547 
2423 
5654 2 11 257 
123 3 41 
1321 
654 2 3 109 
454 2 
123 3 41 
641 
645 3 5 43 
3564 2 3 11 
4 
516 2 3 43 
34 2 
69 3 23 
324 2 3 
19 
615 3 5 41 
321 3 107 
19 
31 
9 3 
3541 
9 3 
351 3 13 
9 3 
654 2 3 109 
96 2 3 
654 2 3 109 
3 
5 
19 
354 2 3 59 
19 
9 3 
75 3 5 
687 3 229 
645 3 5 43 
45 3 5 
95 5 19 
47 
48 2 3 
951 3 317 
645 3 5 43 
456 2 3 19 
465 3 5 31 
